
procs -----------memory---------- ---swap-- -----io---- -system-- ------cpu-----
 r  b   swpd   free   buff  cache   si   so    bi    bo   in   cs us sy id wa st
 2  0      0 1335608  33604 403692    0    0   159     7  115  408  3  1 94  2  0
 0  0      0 1327920  33604 403692    0    0     0     0  124  386  2  0 98  0  0
 0  0      0 1317628  33612 403692    0    0     0    32   87  243  0  2 98  0  0
 0  0      0 1307336  33612 403692    0    0     0     0   79  183  1  0 99  0  0
 0  0      0 1297044  33612 403692    0    0     0     0   83  203  1  2 97  0  0
 0  0      0 1286752  33612 403692    0    0     0     0   81  221  0  2 98  0  0
 1  0      0 1276584  33612 403692    0    0     0     0   88  199  1  0 99  0  0
 0  0      0 1266292  33620 403692    0    0     0    12   82  198  0  2 98  0  0
 0  0      0 1256124  33620 403692    0    0     0     0   88  199  1  0 99  0  0
 0  0      0 1245708  33620 403692    0    0     0     0   78  176  0  1 99  0  0
 1  0      0 1235416  33620 403692    0    0     0     0   82  209  2  1 97  0  0
 0  0      0 1337724  33620 403692    0    0     0     0   88  204  0  0 100  0  0
 0  0      0 1337724  33628 403684    0    0     0    12   79  177  0  1 99  0  0
 0  0      0 1337724  33628 403692    0    0     0     0   81  201  0  0 100  0  0
 0  0      0 1337724  33628 403692    0    0     0     0   75  182  0  0 100  0  0
 0  0      0 1337724  33628 403692    0    0     0     0   71  266  1  0 99  0  0
 0  0      0 1337724  33628 403692    0    0     0     0   87  208  1  1 98  0  0
 0  0      0 1337724  33636 403692    0    0     0    16   75  194  0  0 100  0  0
 0  0      0 1337724  33636 403692    0    0     0     0  109  319  0  0 100  0  0
